1441313040
1441313071
1441313187
1441313085
1441313230
1441313120
1441313161
1441313173
1441313205
1441313327
1441314306
1441313342
1441314734
1441314000
1441314036
1441313662
1441313782
1441313146
1441313103
1441313261
1441313692
1441313055
1441313217
1441314141
1441313937
1441313005
1441314062
1441314238
1441314196
1441314181
1441314164
1441314125
1441314099
1441314079
1441314015
1441313987
1441313972
1441313955
1441313916
1441313899
1441313879
1441313863
1441313833
1441313807
1441313795
1441313760
1441313738
1441313720
1441313705
1441313676
1441313648
1441313515
1441313423
1441313409
1441313392
1441313368
1441313354
1441313314
1441313297
1441313275
1441313243
