1452884830
1452884803
1452884781
1452884754
1452884734
1452884711
1452884683
1452884661
1452884554
1452884531
1452884507
1452884487
1452884465
1452884443
1452884423
1452884362
1452884268
1452884227
1452884199
1452884177
1452884150
1452884126
1452884098
1452884076
1452884047
1452884022
1452883837
1452883807
1452883770
1452883744
1452883717
1452883691
1452883667
1452883640
1452883606
1445422437




































1445422381




































1445422315




































1445417259




































1445417209




































1445417175




































1445417151




































1445417119




































1445417089




































1445417042




































1445416978




































1445416904




































1445416872




































1445416850




































1445416773




































1445416730




































1445416659




































1445416625




































1445416580




































1445416526




































1445416409




































1445416388




































1445416352




































1445416254




































1445416215




































