1465990280
1465990213
1465989781
1462733709
1462733501




1462733445




1462733403




1462733351




1462733334




1462733319




1462733291




1462733232




1462730465




1462730289




1462730212




1462730189




1462730067




1462729916




1462729891




1462729872




1462729694




1462729853




1462729837




1462729816




1462729791




1462729768




1462729670




1462728738




1462729456




1462722338




1462729296




1462729359




1462729315




1462729270




1462722441




1462729186




1462729109




1462721901




1462722221




1462729993




1462721939




1462721837




1462721854




1462721883




1462721867




