1461188184
1461188170
1461188157
1461188134
1461188120
1461188107
1461188087
1461188075
1461188060
1461188043
1461188029
1461188013
1461187991
1461187967
1461187952
1461187938
1461184218
















1461184204
















1461184187
















1461184170
















1461184145
















1461184129
















1461184115
















1461184101
















1461184059
















1461184043
















1461184029
















1461184013
















1461184000
















1461183979
















1461183960
















1461183942
















1461183916
















1461183868
















1461183845
















1461183819
















1461183786
















1461183760
















1461183744
















1461183724
















1461183704
















1461183674
















1461183644
















1461183628
















1461183613
















1461183590
















1461183573
















1461183514
















1461183501
















1461183483
















1461183465
















1461183441
















1461183426
















1461183411
















1461183393
















1461183376
















1461183304
















1461183289
















1461183272
















1461183251
















1461183225
















1461183207
















1461183192
















1461183173
















1461183142
















1461183118
















1461183096
















1461183072
















1461183057
















1461183035
















1461183014
















1461182996
















1461182981
















1461182955
















1461182942
















1461182915
















1461182896
















1461182879
















1461182827
















1461182805
















1461182782
















1461182753
















1461182738
















1461182717
















1461182699
















1461182685
















1461182656
















1461182647
















1461182625
















1461182613
















1461182596
















1461182576
















1461182549
















1461182523
















1461182508
















1461182488
















1461182476
















