1461400800
1461400784
1461400762
1461400745
1461400731
1461400712
1461400688
1461400669
1461400648
1461400629
1461400610
1461400589











1461400573











1461400555











1461400534











1461400516











1461400460











1461400426











1461400415











1461400394











1461400373











1461400353











1461400335











1461400318











1461400295











1461400278











1461400252











1461400213











1461400195











1461400178











1461400157











1461400136











1461400116











1461400098











1461400074











