1448055614
1448055587
1448055554
1448055522
1448055498
1448055477
1448055455
1448055420
1448055395
1448055650
1448055360
1448055338
1448055318
1448055296
1448055249
1448055195
1448055102
1448055072
1448055032
1448054977
1448054932
1448054902
1448054875
1448054828
1448054765
1448054700
1448054668
1448054640
1448054614
1448054558
1448054513
1448054486
1448054462
1448054437
1448054403
1448054362
1448054343
1448054313
1448054287
1448054259
1448054207
1448054143
1448054105
1448054056
1448054007
1448052610
1448052566
1448052511
1448052461
1448052398
1448052361
1448052316
1448052258
1448051960
1448051921
1448051880
1448051830
1448051384
1448051324
1448051282
1448051167
1448051088
1448050838
1448050791
1448050752
1448050692
1448050631
1447930819
1443130544
1443130538
1443130528
1443130522
1443130513
1443130500
1443130492
1443130479
1443130470
1443130464
1443130458
1443130452
1443130435
