1462728555
1462728537
1462728511
1462728483
1462728462
1462728442
1462728422
1462728402
1462728369
1462728348
1462728327
1462728309
1462728285
1462728270
1462728245
1462728228
1462728203
1462728180
1462728120
1462728093
1462728067
1462728045
1462727848






















1462727801






















1462727770






















1462727701






















1462727746






















1462727902






















1462727618






















1462727724






















1462727588






















1462727550






















1462727419






















1462727673






















1462727874






















1462727646






















1462727571






















1462727527






















1462727509






















1462727488






















1462727469






















1462727391






















1462727374






















1462727278






















1462727248






















1462727231






















1462727206






















1462727188






















1462727168






















1462727126






















1462727100






















1462727080






















1462727063






















1462727033






















1462727016






















1462726689






















1462727000






















1462726982






















1462726963






















1462726706






















1462726737






















1462726948






















1462726933






















1462726918






















1462726903






















1462726888






















1462726875






















1462726859






















1462726839






















1462726824






















1462726810






















1462726798






















1462726783






















1462726769






















1462726755






















1462726722






















