1451668688















1451668634















1451668601















1451668579















1451668563















1451668547















1451668535















1451668520















1451668512















1451668505















1451668499















1451667770















1451667760















1451667750















1451667325















1451667065















1451667054















1451667043















1451667032















1451666269















1451665875















1451665174















1451665168















1451665163















1451665157















1451665149















1451664924















1451663875















1451663866















1451652767















1451652762















1451652758















1451652753















1451652744















1451652738















1451652732















1451652720















1451652710















1451652704















1451652698















1451652690















1451652684















1451652677















1451652670















1451652664















1451652658















1451652652















1451652646















1451652639















1451652629















1451652622















1451652614















1451652606















1451652600















1451652595















1451652588















1451652581















1451652568















